READ: +0100
-0001
*** Simplesim execution terminated ***

REGISTERS:
accumulator:            +0000
instruction_counter:    52
instruction_register:   +4400
operation_code:         44
operand:                00

MEMORY:
       0     1     2     3     4     5     6     7     8     9
 0 +1199 +2299 +3298 +4351 +2299 +2191 +2298 +2190 +2290 +2192
10 +2291 +3492 +2191 +2291 +2197 +2298 +2191 +2291 +2196 +2297
20 +3296 +4353 +2296 +2191 +2299 +2190 +2296 +2189 +2289 +2192
30 +2290 +3492 +2190 +2290 +3391 +2191 +2291 +2195 +2299 +3295
40 +4251 +2296 +2191 +2294 +2190 +2290 +3191 +2191 +2291 +2196
50 +4119 +1293 +4400 +1294 +4400 +7777 +7777 +7777 +7777 +7777
60 +7777 +7777 +7777 +7777 +7777 +7777 +7777 +7777 +7777 +7777
70 +7777 +7777 +7777 +7777 +7777 +7777 +7777 +7777 +7777 +7777
80 +7777 +7777 +7777 +7777 +7777 +7777 +7777 +7777 +7777 +0002
90 +0050 +0100 +0002 -0001 +0001 +0100 +0002 +0050 +0002 +0100
