READ: +0100
+0001
*** Simplesim execution terminated ***

REGISTERS:
accumulator:            -0001
instruction_counter:    45
instruction_register:   +4400
operation_code:         44
operand:                00

MEMORY:
       0     1     2     3     4     5     6     7     8     9
 0 +1199 +2299 +3298 +4342 +2299 +2191 +2291 +2197 +2298 +2191
10 +2291 +2196 +2297 +3296 +4344 +2296 +2191 +2296 +2190 +2290
20 +2192 +2291 +3492 +2191 +2291 +3392 +2192 +2291 +2195 +2299
30 +3295 +4242 +2296 +2191 +2294 +2190 +2290 +3191 +2191 +2291
40 +2196 +4112 +1293 +4400 +1294 +4400 +7777 +7777 +7777 +7777
50 +7777 +7777 +7777 +7777 +7777 +7777 +7777 +7777 +7777 +7777
60 +7777 +7777 +7777 +7777 +7777 +7777 +7777 +7777 +7777 +7777
70 +7777 +7777 +7777 +7777 +7777 +7777 +7777 +7777 +7777 +7777
80 +7777 +7777 +7777 +7777 +7777 +7777 +7777 +7777 +7777 +7777
90 +0001 +0101 +0100 -0001 +0001 +0001 +0101 +0100 +0002 +0100
